3,0,84~4,0,84
0,7,55~2,7,55
4,6,71~4,7,71
0,6,14~3,6,14
6,9,300~9,9,300
7,9,261~9,9,261
6,8,265~6,9,265
7,3,27~7,4,27
6,0,21~9,0,21
2,4,173~5,4,173
1,0,11~1,2,11
2,0,243~5,0,243
3,2,328~3,4,328
0,7,211~3,7,211
2,4,45~3,4,45
0,5,53~0,7,53
8,4,300~9,4,300
9,7,233~9,9,233
6,7,108~7,7,108
0,3,206~0,4,206
4,5,146~5,5,146
9,3,179~9,4,179
4,3,313~4,4,313
6,9,12~8,9,12
6,0,177~8,0,177
8,1,238~8,3,238
2,3,278~2,3,278
3,0,205~6,0,205
8,4,210~8,6,210
0,2,159~0,5,159
6,1,65~8,1,65
8,0,154~8,2,154
3,5,111~5,5,111
7,2,50~7,3,50
0,2,255~0,4,255
2,1,192~2,3,192
4,2,337~8,2,337
7,1,308~9,1,308
0,5,289~1,5,289
6,4,229~6,6,229
4,1,278~6,1,278
0,3,190~0,4,190
6,0,3~6,0,5
9,5,2~9,7,2
2,4,87~2,7,87
0,3,57~0,3,57
7,9,187~9,9,187
6,8,243~6,8,244
6,0,294~6,2,294
2,4,48~4,4,48
3,0,214~5,0,214
2,7,239~4,7,239
5,6,218~7,6,218
3,5,47~3,5,48
8,8,178~8,9,178
0,3,108~1,3,108
2,6,126~3,6,126
3,5,58~3,8,58
9,3,287~9,5,287
6,3,219~7,3,219
4,3,314~5,3,314
2,5,218~2,7,218
7,5,253~7,5,255
9,6,257~9,8,257
6,5,252~8,5,252
9,2,315~9,3,315
2,1,321~2,3,321
4,2,105~4,5,105
7,4,25~7,6,25
3,4,341~5,4,341
5,3,164~6,3,164
8,5,151~8,6,151
2,8,320~2,9,320
1,6,280~1,8,280
1,1,133~1,3,133
5,4,199~5,4,203
1,4,185~3,4,185
1,3,282~3,3,282
4,9,297~6,9,297
5,8,10~5,9,10
6,0,143~6,3,143
1,7,234~1,9,234
6,2,291~6,4,291
0,3,290~1,3,290
1,0,235~4,0,235
3,3,117~5,3,117
0,1,139~0,3,139
9,5,85~9,5,87
9,7,135~9,8,135
3,0,161~3,2,161
3,8,120~5,8,120
9,1,263~9,4,263
9,8,41~9,9,41
6,7,11~6,9,11
2,0,103~2,3,103
1,3,286~3,3,286
1,1,111~3,1,111
3,2,288~6,2,288
1,5,60~1,8,60
1,3,193~4,3,193
4,5,155~4,7,155
4,1,160~4,1,160
4,8,246~7,8,246
6,4,117~6,5,117
7,6,166~7,9,166
6,1,280~8,1,280
0,8,61~1,8,61
5,4,288~5,6,288
0,8,176~2,8,176
5,6,327~5,7,327
1,6,314~2,6,314
5,5,168~7,5,168
3,5,100~4,5,100
5,9,236~5,9,238
1,1,21~1,1,23
4,6,86~7,6,86
8,3,8~8,5,8
4,1,5~4,2,5
0,7,314~0,9,314
1,7,289~4,7,289
4,7,33~4,8,33
5,8,164~5,9,164
7,9,189~9,9,189
5,5,121~5,7,121
6,7,197~9,7,197
1,8,48~1,8,51
5,7,113~6,7,113
0,0,289~0,1,289
9,3,171~9,6,171
5,3,297~7,3,297
7,6,105~7,6,108
9,5,34~9,5,36
5,3,167~6,3,167
4,8,12~5,8,12
6,1,20~7,1,20
4,5,284~7,5,284
2,0,140~5,0,140
7,4,261~9,4,261
0,1,176~0,2,176
7,1,102~7,3,102
2,0,210~4,0,210
8,7,37~8,7,39
2,2,277~5,2,277
4,7,72~6,7,72
2,3,33~2,6,33
2,4,148~5,4,148
3,4,106~3,5,106
5,1,181~5,3,181
7,9,97~9,9,97
8,4,309~8,5,309
2,7,30~2,7,33
0,3,334~2,3,334
1,7,264~2,7,264
3,1,215~3,4,215
1,3,155~3,3,155
5,5,289~5,8,289
0,0,244~2,0,244
8,2,105~8,4,105
8,0,70~8,1,70
4,1,287~4,1,289
0,7,26~0,9,26
4,6,68~7,6,68
7,1,276~7,4,276
4,5,320~5,5,320
5,6,48~8,6,48
8,0,232~8,0,235
2,2,138~4,2,138
2,2,269~2,4,269
5,1,298~5,1,299
1,1,220~2,1,220
2,2,57~2,4,57
4,6,212~6,6,212
2,1,323~2,4,323
3,2,332~3,2,334
6,5,175~6,5,177
1,1,15~2,1,15
7,0,232~7,0,235
6,1,62~6,3,62
3,4,68~6,4,68
6,5,193~7,5,193
5,5,37~7,5,37
2,3,108~2,4,108
6,6,221~9,6,221
3,1,3~3,1,4
4,1,7~4,4,7
6,2,325~7,2,325
8,0,276~8,2,276
0,7,141~0,7,143
6,3,163~6,6,163
6,3,67~6,5,67
1,3,30~3,3,30
5,8,234~7,8,234
5,4,217~7,4,217
4,9,312~7,9,312
6,6,178~6,9,178
1,0,174~1,3,174
6,1,45~6,3,45
0,9,239~0,9,241
1,4,5~2,4,5
5,8,193~5,9,193
5,3,137~7,3,137
0,3,271~3,3,271
5,5,247~5,8,247
0,1,218~0,3,218
2,1,65~2,4,65
1,3,57~1,3,59
0,5,70~0,6,70
1,6,94~1,7,94
8,4,25~8,6,25
1,4,57~1,6,57
3,3,238~3,6,238
6,5,7~6,6,7
5,2,64~8,2,64
6,7,48~8,7,48
3,4,168~3,5,168
5,8,102~7,8,102
4,7,294~4,9,294
7,5,262~8,5,262
6,7,105~8,7,105
9,6,312~9,7,312
0,0,179~0,2,179
3,3,319~3,4,319
2,3,222~2,4,222
6,0,77~6,2,77
4,8,7~6,8,7
8,2,57~8,5,57
6,6,84~9,6,84
7,1,303~7,2,303
0,1,163~0,4,163
3,7,119~5,7,119
8,1,158~8,3,158
3,8,264~4,8,264
4,6,66~6,6,66
2,0,71~2,2,71
0,7,256~2,7,256
3,1,251~3,2,251
2,0,17~4,0,17
6,3,133~6,5,133
5,6,167~5,7,167
5,2,115~5,5,115
2,2,93~4,2,93
6,0,298~6,2,298
0,6,175~0,9,175
0,6,253~0,7,253
8,6,236~8,6,239
7,6,296~7,8,296
6,4,228~9,4,228
8,6,190~8,7,190
6,6,5~6,8,5
1,5,122~3,5,122
2,1,280~2,1,282
3,3,323~5,3,323
2,4,102~4,4,102
8,6,54~9,6,54
8,7,152~9,7,152
5,0,182~5,2,182
6,1,305~8,1,305
5,0,110~5,1,110
5,3,72~8,3,72
3,0,252~4,0,252
7,6,228~9,6,228
6,6,96~9,6,96
7,7,15~7,7,18
6,5,253~6,7,253
3,9,162~6,9,162
0,1,293~2,1,293
7,8,63~9,8,63
0,0,18~0,0,18
9,6,225~9,7,225
1,6,232~1,9,232
5,6,179~5,6,180
7,9,273~7,9,276
3,5,302~3,8,302
3,4,255~5,4,255
1,8,304~3,8,304
4,9,47~5,9,47
2,2,266~2,4,266
4,0,246~4,0,249
3,5,55~3,7,55
3,0,212~7,0,212
0,4,307~3,4,307
0,1,182~0,2,182
9,5,245~9,8,245
6,7,198~7,7,198
8,0,4~9,0,4
7,3,294~7,5,294
6,0,105~6,0,106
8,1,242~8,3,242
6,3,299~6,3,301
9,1,118~9,4,118
9,3,133~9,7,133
7,1,50~9,1,50
9,4,39~9,5,39
5,6,183~5,8,183
0,0,16~0,2,16
1,1,177~3,1,177
7,5,177~7,6,177
7,7,7~7,8,7
4,5,325~5,5,325
5,4,260~8,4,260
1,6,8~1,8,8
2,0,203~5,0,203
1,1,91~1,3,91
5,8,254~5,9,254
4,1,35~7,1,35
7,4,29~9,4,29
0,0,291~0,2,291
6,5,131~6,6,131
3,6,285~6,6,285
1,5,161~2,5,161
5,2,294~5,2,295
0,7,270~0,8,270
6,6,95~9,6,95
6,3,282~8,3,282
8,2,89~8,4,89
8,2,239~9,2,239
2,1,178~4,1,178
1,0,113~4,0,113
6,0,23~8,0,23
3,1,293~3,3,293
7,4,226~9,4,226
5,3,309~5,4,309
3,2,320~7,2,320
1,0,65~1,2,65
6,4,102~6,6,102
0,4,320~1,4,320
6,4,131~9,4,131
1,7,214~2,7,214
4,5,75~6,5,75
4,7,325~4,7,329
0,3,187~2,3,187
1,8,196~3,8,196
2,5,9~2,7,9
5,9,7~5,9,9
6,5,32~8,5,32
3,8,248~4,8,248
6,6,219~9,6,219
1,2,15~3,2,15
1,8,42~3,8,42
6,1,156~6,4,156
5,6,224~6,6,224
4,0,12~7,0,12
9,3,51~9,3,52
0,5,10~2,5,10
7,5,305~7,8,305
1,3,253~3,3,253
7,5,258~8,5,258
2,1,263~5,1,263
0,6,169~0,9,169
4,3,214~4,3,216
6,1,160~9,1,160
1,5,3~3,5,3
0,6,75~0,6,77
3,2,136~5,2,136
3,3,212~6,3,212
5,1,260~5,2,260
0,5,129~1,5,129
4,6,223~4,8,223
7,0,172~8,0,172
4,2,123~4,4,123
2,1,189~2,3,189
6,2,74~8,2,74
4,4,162~4,6,162
8,5,29~8,7,29
9,1,227~9,3,227
2,3,37~4,3,37
0,7,220~0,9,220
3,0,337~6,0,337
2,0,86~2,2,86
6,7,331~6,8,331
5,3,338~5,5,338
8,7,103~8,9,103
7,4,57~7,5,57
8,5,186~8,6,186
0,7,267~3,7,267
1,1,310~1,4,310
4,3,322~7,3,322
4,2,77~4,5,77
3,2,3~3,4,3
7,8,264~7,8,266
3,5,94~6,5,94
5,0,11~6,0,11
2,3,304~2,5,304
8,1,240~8,3,240
4,3,329~4,3,332
1,4,150~3,4,150
4,7,150~7,7,150
7,6,44~7,7,44
5,1,48~8,1,48
9,4,136~9,6,136
0,3,138~0,6,138
7,2,46~7,6,46
4,1,107~6,1,107
8,3,149~8,6,149
5,9,6~7,9,6
7,6,162~7,8,162
3,9,311~5,9,311
9,1,27~9,1,30
9,6,62~9,8,62
9,0,25~9,2,25
7,5,308~9,5,308
9,3,176~9,4,176
2,7,319~2,9,319
4,5,58~7,5,58
6,1,219~6,1,219
3,9,30~3,9,33
3,8,231~6,8,231
2,3,317~4,3,317
3,6,236~3,7,236
3,3,211~6,3,211
2,6,57~2,6,58
0,7,307~0,9,307
5,5,287~7,5,287
4,5,307~6,5,307
3,9,102~6,9,102
0,3,111~1,3,111
8,5,28~8,7,28
7,3,152~8,3,152
1,3,27~1,5,27
5,6,160~5,7,160
6,2,116~9,2,116
3,8,128~3,8,131
3,3,252~4,3,252
3,1,79~3,4,79
6,4,293~6,6,293
3,4,43~3,5,43
6,9,257~8,9,257
9,1,180~9,3,180
5,4,2~5,7,2
5,1,295~7,1,295
5,0,100~5,2,100
6,1,216~6,4,216
3,7,52~3,9,52
7,3,4~7,3,7
4,5,116~4,8,116
7,3,149~7,5,149
9,0,52~9,2,52
5,3,1~5,3,3
6,3,127~6,3,129
6,6,13~9,6,13
1,8,241~3,8,241
1,2,82~1,4,82
0,6,166~1,6,166
3,3,260~5,3,260
7,1,204~7,2,204
3,6,74~5,6,74
0,2,327~3,2,327
7,9,95~9,9,95
0,3,283~0,6,283
5,6,215~8,6,215
1,5,197~1,7,197
4,6,238~6,6,238
8,6,272~8,9,272
7,1,7~9,1,7
5,8,326~6,8,326
1,1,130~1,3,130
1,7,133~1,8,133
3,5,138~6,5,138
0,7,128~3,7,128
2,2,195~4,2,195
8,6,171~8,8,171
4,2,124~5,2,124
8,2,86~8,5,86
2,8,5~2,8,5
4,5,280~4,7,280
2,6,52~2,7,52
3,4,78~5,4,78
8,4,302~8,4,304
4,1,24~5,1,24
1,3,169~3,3,169
9,8,254~9,9,254
4,0,211~7,0,211
5,3,48~8,3,48
2,2,319~2,4,319
5,7,187~5,7,189
0,0,286~0,3,286
2,6,27~4,6,27
3,0,332~4,0,332
7,4,310~7,6,310
6,5,212~9,5,212
0,6,67~2,6,67
0,2,161~0,3,161
4,1,180~6,1,180
8,3,230~8,5,230
9,7,247~9,9,247
2,5,23~2,5,26
7,3,52~7,6,52
1,1,119~3,1,119
5,7,233~5,9,233
5,6,170~6,6,170
6,5,104~6,5,104
4,2,58~4,4,58
5,3,21~8,3,21
0,6,214~0,9,214
9,8,137~9,8,138
9,8,8~9,9,8
3,4,15~5,4,15
1,5,49~5,5,49
2,8,33~3,8,33
8,4,35~8,7,35
8,0,278~9,0,278
8,5,236~8,5,236
7,1,166~7,1,168
8,1,108~8,4,108
2,2,182~4,2,182
3,7,87~3,9,87
7,0,231~7,2,231
2,4,324~2,5,324
7,7,94~7,8,94
7,4,28~9,4,28
3,8,90~4,8,90
7,9,119~9,9,119
5,3,304~5,5,304
6,1,100~8,1,100
5,7,151~9,7,151
4,5,232~6,5,232
5,4,318~6,4,318
1,4,196~1,6,196
2,4,271~2,6,271
1,9,238~3,9,238
1,0,12~1,2,12
7,3,190~7,6,190
3,6,51~3,9,51
3,6,177~5,6,177
5,4,306~5,6,306
4,0,277~4,0,280
1,4,127~3,4,127
0,2,173~1,2,173
5,3,11~5,6,11
4,0,290~4,2,290
4,5,50~4,6,50
1,0,109~1,0,112
9,5,259~9,7,259
2,0,163~5,0,163
0,6,323~0,7,323
8,0,93~8,3,93
1,9,216~3,9,216
0,4,253~2,4,253
7,7,66~7,9,66
1,2,52~1,4,52
1,7,95~1,9,95
8,4,184~8,7,184
4,0,18~6,0,18
5,2,129~8,2,129
0,1,14~0,4,14
2,7,259~5,7,259
1,4,220~3,4,220
1,6,37~1,8,37
3,9,256~5,9,256
2,0,54~2,2,54
2,3,177~2,3,179
7,0,238~9,0,238
5,4,146~7,4,146
3,5,97~5,5,97
6,7,45~8,7,45
6,3,152~6,3,153
3,3,250~6,3,250
7,8,3~7,9,3
1,0,108~1,2,108
0,1,295~0,4,295
3,3,255~6,3,255
6,5,2~6,6,2
2,4,249~2,6,249
6,6,323~6,8,323
8,6,57~8,7,57
8,0,316~8,2,316
2,3,99~4,3,99
2,5,8~5,5,8
2,5,316~2,7,316
1,1,18~1,2,18
7,7,189~9,7,189
7,6,307~7,7,307
6,3,135~8,3,135
9,2,225~9,5,225
9,0,53~9,0,53
0,1,116~2,1,116
7,6,181~9,6,181
0,3,132~0,4,132
6,5,336~9,5,336
7,6,216~8,6,216
1,1,89~3,1,89
7,7,182~7,7,184
3,4,204~3,6,204
2,4,132~2,6,132
1,0,119~1,0,120
7,3,210~7,6,210
5,2,166~8,2,166
4,5,17~6,5,17
2,2,203~2,2,204
4,4,187~4,6,187
5,3,62~5,3,63
1,3,278~1,6,278
5,5,309~5,7,309
8,0,313~8,1,313
2,5,231~5,5,231
9,4,320~9,7,320
1,3,55~1,5,55
4,3,219~5,3,219
3,2,89~5,2,89
2,3,186~2,5,186
8,6,93~8,9,93
3,5,56~3,6,56
5,6,102~5,6,103
5,2,203~8,2,203
1,0,161~1,2,161
6,2,35~6,5,35
1,4,299~4,4,299
0,3,16~0,4,16
8,4,170~8,4,170
7,3,212~7,3,213
1,0,66~1,0,67
8,2,6~8,4,6
7,0,306~7,3,306
7,6,164~9,6,164
0,6,22~2,6,22
2,1,296~5,1,296
4,2,157~6,2,157
0,8,218~2,8,218
0,6,172~0,7,172
1,6,96~1,6,98
2,9,129~3,9,129
1,9,301~3,9,301
0,8,309~0,8,311
2,9,51~2,9,54
3,2,186~3,5,186
3,1,129~3,1,131
0,1,217~3,1,217
1,2,80~3,2,80
0,5,269~0,7,269
1,1,9~1,4,9
2,4,241~3,4,241
0,7,202~2,7,202
6,3,293~8,3,293
6,7,6~8,7,6
5,1,201~5,3,201
5,1,207~7,1,207
8,9,303~9,9,303
4,1,337~4,1,339
5,4,322~6,4,322
1,0,236~1,0,239
2,5,129~2,8,129
4,0,22~5,0,22
4,3,60~6,3,60
0,9,137~2,9,137
1,3,285~1,5,285
6,4,324~6,4,327
7,0,19~9,0,19
3,0,331~6,0,331
7,5,41~7,7,41
8,5,315~8,6,315
1,6,32~1,8,32
8,3,168~8,6,168
6,3,218~8,3,218
5,3,37~6,3,37
5,4,178~5,4,180
5,6,171~5,7,171
6,7,185~6,9,185
3,1,200~6,1,200
4,3,312~4,5,312
4,0,238~5,0,238
3,7,221~5,7,221
8,1,114~8,4,114
4,7,240~7,7,240
3,0,321~3,2,321
1,1,137~4,1,137
9,5,315~9,5,317
0,9,65~2,9,65
6,3,150~6,5,150
5,4,286~6,4,286
1,1,305~2,1,305
1,5,294~1,5,296
1,0,116~2,0,116
3,4,16~6,4,16
1,1,51~3,1,51
5,0,103~7,0,103
4,5,136~6,5,136
4,6,122~4,6,124
2,7,60~2,9,60
6,4,220~6,4,221
7,6,14~7,7,14
7,6,241~9,6,241
3,8,155~6,8,155
0,6,233~2,6,233
8,8,236~9,8,236
7,5,69~8,5,69
2,0,275~5,0,275
8,5,66~8,9,66
4,1,285~4,3,285
9,6,248~9,9,248
3,5,212~5,5,212
0,2,135~0,5,135
6,1,13~6,1,15
9,9,124~9,9,126
4,7,152~4,8,152
2,8,126~4,8,126
5,1,146~7,1,146
0,2,292~0,4,292
5,4,54~8,4,54
2,5,179~3,5,179
6,2,217~7,2,217
6,9,123~9,9,123
4,3,124~7,3,124
1,0,208~3,0,208
1,2,301~1,4,301
7,4,282~8,4,282
3,0,198~3,3,198
5,1,82~5,3,82
1,3,62~1,5,62
8,1,314~8,2,314
4,6,30~4,7,30
0,3,158~2,3,158
4,1,60~4,2,60
2,1,122~2,2,122
1,9,35~3,9,35
5,1,266~6,1,266
6,5,264~6,5,266
5,3,75~7,3,75
2,6,307~3,6,307
2,0,343~2,2,343
0,3,49~2,3,49
3,0,124~6,0,124
4,3,61~4,4,61
4,9,49~4,9,52
7,2,38~7,5,38
7,0,84~7,4,84
6,4,39~6,5,39
2,1,341~4,1,341
6,6,256~6,9,256
9,5,173~9,7,173
3,7,220~3,8,220
0,6,50~0,9,50
4,6,322~6,6,322
0,4,72~0,6,72
9,6,166~9,6,168
2,3,242~2,5,242
3,0,20~5,0,20
2,7,262~5,7,262
6,3,64~6,5,64
1,9,56~4,9,56
3,6,17~5,6,17
0,7,216~1,7,216
1,9,300~2,9,300
7,5,76~7,6,76
2,3,3~2,4,3
3,5,85~3,7,85
1,5,65~1,7,65
7,6,194~9,6,194
2,3,234~2,5,234
6,1,120~9,1,120
1,7,294~3,7,294
1,5,292~3,5,292
6,8,258~6,8,258
2,0,101~2,2,101
0,6,24~0,9,24
1,2,56~2,2,56
6,6,99~6,9,99
3,5,202~6,5,202
5,2,73~7,2,73
5,4,46~5,5,46
6,7,110~8,7,110
9,2,102~9,4,102
6,3,92~6,6,92
8,6,264~8,8,264
0,2,237~0,2,239
8,2,104~8,5,104
5,0,30~6,0,30
9,5,311~9,6,311
5,4,103~5,5,103
4,7,188~4,8,188
0,8,28~0,8,31
2,0,169~5,0,169
6,1,261~6,5,261
4,8,220~6,8,220
3,3,166~3,5,166
5,9,252~8,9,252
2,4,193~2,7,193
8,6,177~8,8,177
4,3,64~5,3,64
0,6,9~0,9,9
4,7,73~4,9,73
3,1,2~5,1,2
0,5,50~1,5,50
7,9,270~9,9,270
0,0,240~2,0,240
3,5,9~4,5,9
5,5,197~5,6,197
3,3,188~5,3,188
6,0,81~6,0,83
3,9,333~5,9,333
4,3,20~7,3,20
6,4,165~6,5,165
3,1,128~3,4,128
5,4,80~5,4,82
7,0,327~7,3,327
9,5,42~9,5,44
3,9,258~5,9,258
8,1,294~8,3,294
4,6,91~4,6,93
7,0,58~7,0,60
4,4,296~6,4,296